rot:
  max: 4.759559020223964
  mean: 2.4165372606597977
  median: 2.1629509881585114
  min: 1.5811047960853817
  num_samples: 1819
  rmse: 2.5220254715939476
  std: 0.7217756903716797
scale:
  max: 4.6554065268558436
  mean: 0.8052784294876658
  median: 0.5647345323544162
  min: 5.045866420250178e-05
  num_samples: 1819
  rmse: 1.157446691718305
  std: 0.8313900980716135
trans:
  max: 0.47022085632729477
  mean: 0.11034985223752163
  median: 0.08896106617068793
  min: 0.005522791597476971
  num_samples: 1819
  rmse: 0.1285976500584081
  std: 0.06603230809007
