rot:
  max: 12.392427359156365
  mean: 9.956225729721988
  median: 9.81277568965189
  min: 8.832819643712256
  num_samples: 1819
  rmse: 9.992084116670803
  std: 0.8457625041622484
scale:
  max: 31.898924072220513
  mean: 11.666890908899326
  median: 9.697144842307825
  min: 0.04347315326810319
  num_samples: 1819
  rmse: 14.131543116784483
  std: 7.973968107622525
trans:
  max: 6.836474768167836
  mean: 1.0544248628612165
  median: 0.9098015147076332
  min: 0.013749158583537521
  num_samples: 1819
  rmse: 1.4313916035898178
  std: 0.9680238279131018
