rot:
  max: 3.9473773122312052
  mean: 2.0581042303839547
  median: 2.089057285914634
  min: 1.2545429528337053
  num_samples: 1819
  rmse: 2.123070898588774
  std: 0.5211880824713994
scale:
  max: 5.442953949347484
  mean: 1.0005453943323355
  median: 0.9145941967820814
  min: 0.0006353834800965075
  num_samples: 1819
  rmse: 1.222529906929633
  std: 0.7024872149852465
trans:
  max: 0.8103019933528451
  mean: 0.11577998612746415
  median: 0.09685037547718796
  min: 0.015446889373178615
  num_samples: 1819
  rmse: 0.1447070214059471
  std: 0.086805050869782
