rot:
  max: 5.268159882704465
  mean: 1.6496811865822008
  median: 1.180150390342622
  min: 0.4122081019646946
  num_samples: 1819
  rmse: 2.0714187074217523
  std: 1.2527280008419805
scale:
  max: 6.80736332216525
  mean: 2.102764671352952
  median: 1.785300920379207
  min: 0.0004535773778013841
  num_samples: 1819
  rmse: 2.709131835797968
  std: 1.7081498882252646
trans:
  max: 0.4170917054338909
  mean: 0.16111214491266068
  median: 0.14043607746151202
  min: 0.003604867845218141
  num_samples: 1819
  rmse: 0.18115826369581464
  std: 0.08283232018315156
